Test set 1:
9001104
9005075
9011115
9015718
9023193
9030718
9035647
9039627
9047539
9052956
9064927
9071781
9078486
9089627
9094693
9102858
9113018
9118430
9127197
9133694
9143312
9146898
9154793
9158391
9162498
9177337
9184495
9189553
9197466
9202515
9208400
9211751
9215922
9222973
9224590
9230363
9242457
9248932
9252130
9260515
9267719
9273362
9280204
9291078
9301082
9311328
9319367
9326657
9330155
9332345
9341240
9349261
9355112
9364366
9369286
9378009
9388068
9390719
9393208
9395121
9397530
9407052
9410190
9413279
9416381
9426339
9438523
9441432
9451499
9454360
9460287
9467278
9472785
9476283
9478732
9486748
9491365
9497534
9504627
9517914
9526739
9539141
9564189
9581253
9603227
9617689
9638953
9655592
9665234
9689922
9700341
9710479
9745458
9771973
9811475
9858216
9878871
9888049
9907090
9943227
9987407
9995338

Test set 2:
9002430
9005132
9011420
9016403
9024940
9031426
9036287
9040944
9048192
9053047
9065272
9073948
9080864
9090290
9094783
9108461
9114036
9120941
9130672
9139557
9144384
9148828
9156526
9159540
9166468
9179589
9184588
9191054
9197994
9204055
9209896
9211869
9218935
9223590
9225592
9230504
9244698
9249025
9255535
9263025
9269275
9276684
9282257
9291206
9301332
9313233
9322401
9326707
9330346
9333574
9341699
9351245
9355228
9365968
9371094
9379276
9389580
9391061
9393987
9395979
9397976
9409032
9410340
9414083
9421281
9430102
9439428
9445105
9452100
9456548
9460377
9467311
9473858
9477175
9481413
9486827
9493245
9500225
9504935
9518267
9529135
9545822
9566781
9592258
9604541
9624170
9640473
9657594
9672573
9691663
9700450
9717730
9750090
9781749
9817241
9862541
9879069
9895555
9908089
9951449
9988421
9996098

Test set 3:
9002817
9006723
9012867
9016918
9027189
9033937
9036770
9041946
9049185
9055836
9066770
9074437
9081306
9091131
9096402
9108714
9115742
9122643
9131266
9140600
9144760
9152295
9156694
9160801
9171766
9179789
9184790
9191533
9201011
9206450
9211049
9212052
9220441
9223685
9227993
9238060
9245519
9250129
9256759
9263504
9269383
9277154
9284505
9295946
9302260
9313330
9323079
9327065
9330729
9338059
9341903
9351479
9356006
9367389
9371267
9381181
9390064
9391372
9394136
9396968
9397988
9409550
9410941
9414291
9421389
9435315
9440307
9447139
9453274
9457264
9461404
9468561
9474571
9477205
9481628
9486952
9494867
9500365
9508335
9518765
9531454
9552108
9568504
9598683
9606490
9627197
9642550
9659472
9680800
9693806
9707649
9718992
9760079
9788072
9833489
9863766
9879774
9899098
9916140
9967815
9990192

Test set 4:
9003430
9007827
9013161
9017909
9027422
9034644
9036771
9043637
9049223
9056326
9069761
9075745
9083500
9092628
9101066
9109062
9116298
9124024
9132472
9141244
9145695
9152569
9157304
9162299
9172581
9180558
9186589
9194012
9201046
9207016
9211261
9214395
9221040
9223789
9228758
9240925
9246518
9250756
9258562
9264694
9270026
9278228
9287216
9297511
9304351
9314341
9324182
9329062
9331053
9340139
9343449
9351700
9357990
9368286
9375317
9383004
9390205
9391984
9394168
9396994
9400618
9409935
9411118
9414968
9421492
9435335
9440417
9448315
9453364
9457359
9465287
9469318
9474901
9477358
9482262
9487462
9495437
9500617
9510418
9519310
9534875
9556464
9574271
9601162
9613993
9627716
9646958
9660708
9684822
9695135
9708353
9732959
9766939
9793168
9833782
9867315
9880455
9905024
9925594
9973322
9993650

Test set 5:
9004175
9008561
9013798
9019287
9029095
9035317
9036948
9044005
9052335
9057417
9070207
9075815
9087632
9093622
9101951
9109448
9116534
9126260
9132486
9142030
9146462
9153509
9157758
9162394
9173792
9181790
9189303
9194860
9202456
9208055
9211547
9215390
9221985
9223980
9230284
9241424
9247140
9251736
9258563
9266394
9271965
9280181
9287241
9300338
9311154
9316108
9324400
9329346
9331465
9340283
9344856
9353017
9362660
9368622
9376280
9386858
9390312
9392537
9394203
9397088
9401202
9409941
9413071
9416102
9422381
9436006
9440518
9451212
9454284
9458093
9467252
9471287
9475286
9478504
9484408
9488834
9495873
9504056
9517311
9526396
9539084
9557454
9577982
9602703
9614934
9631713
9653075
9664468
9686590
9695686
9709257
9741448
9768869
9804361
9854269
9878765
9884591
9905156
9933836
9978579
9993833